$ 1 1e-8 32.755850052045055 65 5 50 5e-11
a 368 192 480 192 9 3.3 0 1000000 1.675050976546985 1.6750566543295535 100000
w 368 208 368 256 0
w 480 192 496 192 0
O 496 192 560 192 0 0
w 496 256 496 192 0
R -48 176 -112 176 0 1 40000 0.1 0 0 0.5
R -32 112 -128 112 0 6 40 0.05 0 0 0.5
r -32 112 48 112 0 1000
w 48 112 48 176 0
r -48 176 48 176 0 1000
r 368 256 496 256 0 220000
r 368 256 368 336 0 10000
c 48 176 112 176 4 1.0000000000000001e-7 -1.6500837048118193 0.001 0
r 112 176 112 112 0 1000000
r 112 176 112 256 0 1000000
g 112 256 112 304 0 0
R 112 112 112 48 0 0 40 3.3 0 0 0.5
c 368 336 368 400 4 1.0000000000000001e-7 1.6503815547157177 0.001 0
g 368 400 368 448 0 0
c 288 176 288 256 4 1e-9 1.6750566543295535 0.001 0
g 288 256 288 304 0 0
w 112 176 176 176 0
w 288 176 368 176 0
r 176 176 288 176 0 1000
o 3 32 0 x283012 20 0.000048828125 0 6 10 1 -1 5 3 0.000019999999999999998 0 8 0 0.05 -60 8 3 0.000009765625 0 22 0 1 0 22 3 0.000009765625 0
