$ 1 1e-8 9.78399845368213 63 5 50 5e-11
f 480 256 544 256 32 1.5 0.02
f 656 432 768 432 32 1.5 0.02
w 768 256 768 336 0
w 768 336 768 416 0
g 656 656 656 672 0 0
R 768 144 768 32 0 0 40 24 0 0 0.5
r 768 336 880 336 0 10
r 1008 336 1008 544 0 100000
r 1088 336 1088 416 0 1000
c 1088 416 1088 544 4 2e-9 0.04466319312039325 0.001 0
w 1008 336 1088 336 0
w 1008 544 1088 544 0
g 1008 544 1008 576 0 0
r 640 144 640 240 0 10000
r 544 240 640 240 0 10000
g 544 272 544 288 0 0
r 480 256 352 256 0 100
R 256 256 208 256 0 2 40000 1.65 1.65 0 0.5
r 480 480 352 480 0 100
w 352 256 352 480 0
l 880 336 1008 336 0 0.007 3.1201539992659644e-7 0
f 576 640 656 640 32 1.5 0.02
s 384 640 480 640 4 0 false X
R 384 640 336 640 0 0 40 3.3 0 0 0.5
r 480 640 576 640 0 100
w 656 432 656 624 0
s 352 176 352 256 4 0 false X
s 256 256 352 256 4 1 false X
d 1264 336 1264 448 2 default
d 1264 240 1264 336 2 default
g 1264 448 1264 464 0 0
g 1264 240 1264 224 0 0
r 1264 336 1088 336 0 100000
s 1088 240 1088 336 4 0 false X
R 1088 240 1088 176 0 1 40000 0.05 0 0 0.5
s 1392 336 1536 336 4 0 false X
a 1536 352 1648 352 9 3.3 0 1000000 1.620333474162039 1.6203351143064324 100000
r 1472 96 1472 176 0 1000000
r 1472 176 1472 256 0 1000000
R 1472 96 1472 64 0 0 40 3.3 0 0 0.5
w 1472 176 1536 176 0
g 1472 256 1472 272 0 0
c 1536 544 1536 624 4 1.0000000000000001e-7 1.5988133669224198 0.001 0
g 1536 624 1536 640 0 0
r 1536 416 1648 416 0 9000
w 1536 336 1536 176 0
r 1536 544 1536 416 0 1000
w 1536 416 1536 368 0
w 1648 416 1648 352 0
w 1648 352 1696 352 0
c 1264 336 1392 336 4 1.0000000000000001e-7 -1.5908483213656697 0.001 0
w 768 144 768 224 0
w 640 240 704 240 0
w 640 144 704 144 0
w 704 144 768 144 0
f 704 240 768 240 33 1.5 0.02
f 480 480 544 480 32 1.5 0.02
g 544 496 544 512 0 0
r 544 432 544 368 0 10000
r 544 432 656 432 0 100
w 544 432 544 464 0
R 544 368 544 320 0 0 40 3.3 0 0 0.5
34 zener-12 0 1.7143528192810002e-7 0 2 12 0
z 704 240 704 144 2 zener-12
g 352 176 352 144 0 0
g 768 448 768 464 0 0
r 656 432 656 368 0 10000
R 656 368 656 320 0 0 40 3.3 0 0 0.5
o 8 16 7 143363 0.0001 0.0001 0 1 0.0001
o 10 32 0 x2a1013 40 0.05 1 4 5 20 0 10 3 0.05 0 17 0 20 0 17 3 0.05 0
o 8 32 0 12291 0.022455512372563307 0.0001 2 2 8 3
o 49 32 0 4099 2.5 0.00009765625 3 2 49 3
o 45 32 0 12290 1.6232691322166373 0.0001 4 2 45 3
